0.226  1  .863   -5.0   0.0   -.02   80  3000  -.04  10  200  .005  35 100
0.441  1  .855   -5.5   2.0   -.02   80  3000  .015  35  100   0     0   1
0.751  1  .870  -12.0  25.0   -.015  80  3000  .007  35  100   0     0   1  
0.991  1  .867  -14.0  32.0   -.02   80  2000   0     0    1   0     0   1
1.240  1  .853  -12.0  23.0   -.012  80  3000   0     0    1   0     0   1
1.496  1  .855  -14.0  29.0   -.005 130  2000   0     0    1   0     0   1
1.757  1  .855  -14.0  33.0   -.003 130  2000   0     0    1   0     0   1
2.046  1  .872  -14.0  35.0    .002 130  2000   0     0    1   0     0   1
2.295  1  .872   -8.0  15.0   -.02  130  1500   0     0    1   0     0   1
2.487  1  .872   -6.0  10.0   -.016 130  1500  -.016 10  100   0     0   1
2.690  1  .872   -6.0  15.0    .01   80  1000  -.025 15  100   0     0   1
2.916  1  .885   -6.0  15.0     0     0     1   0     0    1   0     0   1
3.284  1  .910   -8.0  18.0    .01   90  2000   0     0    1   0     0   1

