#    RecQuery myQuery("PersistentJetFinder");
#    myQuery.setParameter<int>("JetAlgorithm",4);
#    myQuery.setParameter<int>("KtJetAngle",2);
#    myQuery.setParameter("KtJetRParameter",1.0);
#    myQuery.setParameter<int>("JetRecom",1);
#    myQuery.setParameter("JetInput","EcalPlusHcalTowerInput");
#    myQuery.setParameter("EcalPlusHcalTowerEt",0.5);
#    myQuery.setParameter("JetCalibration","no");

0.226   2   27.   0.9000  -14.00    3.00   45.51  0.9282  0.0092   -45.5   140.
0.441   2   27.   0.8850  -14.00    3.30   46.01  0.9056  0.0053   -46.0   140.
0.751   2   27.   0.8600   -8.00    5.00   55.00  0.8371  0.0070   -40.0   140.
0.991   2   27.   0.8200  -12.00    4.00   66.00  0.7784  0.0150   -45.6   140.
1.240   2   27.   0.7800  -15.00    3.00   55.00  0.7109  0.0256   -42.1   140.
1.496   2   27.   0.7500  -10.00    4.00   44.00  0.6922  0.0290   -40.9   140.
1.757   2   27.   0.7800   -9.50    4.00   64.00  0.6042  0.0482   -20.3   140.
2.046   2   27.   0.8100  -10.50    4.00   48.00  0.7573  0.0204   -40.9   140.
2.295   2   27.   0.8200  -11.80    4.00   43.00  0.7726  0.0206   -33.4   140.
2.487   2   27.   0.8200  -11.00    4.50   43.00  0.8102  0.0149   -37.0   140.
2.690   2   27.   0.8670  -10.80    4.50   55.00  0.7708  0.0247    -0.9   140.
2.916   2   27.   0.8750   -9.00    5.00   55.00  0.7800  0.0247     0.0   140.
3.284   2   27.   0.8850   -9.00    5.00   58.00  0.7850  0.0247     0.0   140.

