#    RecQuery myQuery("PersistentJetFinder");
#    myQuery.setParameter<int>("JetAlgorithm",4);
#    myQuery.setParameter<int>("KtJetAngle",2);
#    myQuery.setParameter("KtJetRParameter",1.0);
#    myQuery.setParameter<int>("JetRecom",4);
#    myQuery.setParameter("JetInput","EcalPlusHcalTowerInput");
#    myQuery.setParameter("EcalPlusHcalTowerEt",0.5);
#    myQuery.setParameter("JetCalibration","no");

0.226  2   27   0.8800  -12.00    3.00   45.01   0.9100  0.0050   -45.0    140.
0.441  2   27   0.8800  -11.05    3.30   46.01   0.8900  0.0050   -46.0    140.
0.751  2   27   0.8500   -5.00    5.00   50.30   0.8350  0.0070   -40.0    140.
0.991  2   27   0.8050  -10.40    4.00   66.00   0.6750  0.0400   -40.0    140.
1.240  2   27   0.7850  -14.00    3.00   55.00   0.6560  0.0400   -30.0    140.
1.496  2   27   0.7600   -9.40    4.00   44.00   0.6460  0.0400   -30.0    140.
1.757  2   27   0.8000   -9.50    4.00   64.00   0.6590  0.0400   -30.0    140.
2.046  2   27   0.8300  -10.50    4.00   48.00   0.7800  0.0200   -35.0    140.
2.295  2   27   0.8590  -11.40    4.00   43.00   0.8170  0.0150   -35.0    140.
2.487  2   27   0.8730  -10.00    4.50   43.00   0.8500  0.0100   -35.0    140.
2.690  2   27   0.8950  -10.20    4.50   55.00   0.8670  0.0100   -35.0    140.
2.916  2   27   0.9000   -8.50    5.00   58.00   0.8700  0.0100   -35.0    140.
3.284  2   27   0.9170   -8.50    5.00   58.00   0.8950  0.0070   -35.0    140.
