 0.226 4 10.0 18.0 23.0 0.06444 -9.08326 0.26144 -2.94100 1.32884 4.50263 0.98137
 0.441 4 10.0 18.0 23.0 0.65060 834.09607 -18.57285 -3.30932 0.93847 14.10917 1.02252
 0.751 4 10.0 18.0 23.0 0.53429 899.08268 -15.74911 -2.97331 1.14770 7.61532 0.98569
 0.991 4 10.0 18.0 23.0 0.41519 888.39478 -12.06257 -3.10285 1.14772 8.62627 0.99614
 1.260 4 10.0 18.0 23.0 0.30779 708.24129 -7.87271 -2.95018 1.06495 9.43610 0.96467
 1.496 4 10.0 18.0 23.0 0.43859 978.33835 -13.42370 -3.11825 0.78835 17.72715 0.97853
 1.757 4 10.0 18.0 23.0 0.40905 306.98526 -6.92936 -3.37777 0.97805 12.59502 1.04219
 2.046 4 10.0 18.0 23.0 0.27723 1006.14433 -8.46400 -3.35874 1.05645 4.98033 1.06407
 2.295 4 10.0 18.0 23.0 0.08709 0.00857 0.14735 -3.65984 1.22331 20.85650 1.08300
 2.487 4 10.0 18.0 23.0 0.01762 -11.23527 0.47028 -0.52045 0.11911 -1.13403 0.97539
 2.690 4 10.0 18.0 23.0 -0.02767 947.11473 1.28458 -0.39211 0.10000 -1.50000 0.96464
 2.916 4 10.0 18.0 23.0 0.10473 -8.03506 0.23507 -0.24080 0.10000 -1.50000 0.87864
 3.284 4 10.0 18.0 23.0 0.04286 14.14265 0.28808 -0.47087 0.25051 -1.49951 0.77370
 4.000 4 10.0 18.0 23.0 0.06902 -2.60480 0.25405 -0.05092 0.10000 -1.50000 0.61959
 4.400 4 10.0 18.0 23.0 0.05003 -0.01297 0.21922 -3.09946 0.79974 38.71977 0.86163
 4.800 4 5.0  10.0 15.0 0.03511 -8.50694 0.36149 -2.83390 0.80994 9.68514 0.98211
